set Feedstock :=
corn soy grass grass_ML algae algae_ML ;

set Feedstock_AG :=
corn soy grass algae ;

set district :=
17 18 19 20 26 27 29 31 38 39 46 55 ;

param quota:= 20 
;

param fuel_conversion:= 
corn 9.42
soy 8.02
grass 8.35
algae 20.82
grass_ML 8.35
algae_ML 20.82
;

param: mfsp ghg F_yield :=
corn 17 1998 0.02220539830919877 44.02917716671091 10973.32121323722
corn 18 1998 0.02247493175508943 43.12198466698437 10643.87761521586
corn 19 1998 0.02148418041956125 43.04783096643285 11563.64131777511
corn 20 1998 0.02434817771382269 43.86073128699974 9478.952651449004
corn 26 1998 0.02686923684080535 45.11455354363678 8050.245870006917
corn 27 1998 0.02235140523751397 43.1320818464479 11092.70168775093
corn 29 1998 0.0251976020608401 45.10401635990502 8680.274777830078
corn 31 1998 0.02140015405738002 42.86607451084586 11619.80089672888
corn 38 1998 0.0281316510516985 45.45959571452721 7467.74306085686
corn 39 1998 0.02274348718455662 43.24429041121898 10447.98554608962
corn 46 1998 0.02573367749283166 44.54517272318485 8837.791866653875
corn 55 1998 0.02344178732214182 43.81172600026763 10036.27320869834
soy 17 1998 0.02048124971305167 14.32359639862641 3610.569277160042
soy 18 1998 0.02205106599403013 14.19218751967627 3430.01420221299
soy 19 1998 0.01685912072161264 13.65531610448635 3903.151762016467
soy 20 1998 0.03020663944372569 15.18567961056383 3075.916592109909
soy 26 1998 0.03067104059203428 15.33368102402355 2884.645308458967
soy 27 1998 0.02541278747498868 14.62378460568132 3256.233012714231
soy 29 1998 0.03296207290825972 15.8205585830668 2736.562881087468
soy 31 1998 0.0187012193471694 13.83416091883524 3790.286197793825
soy 38 1998 0.04160655527323021 16.5966846518907 2351.631660661179
soy 39 1998 0.02078545754292906 14.04084534701946 3519.197814852027
soy 46 1998 0.02983181748033641 15.18265861616071 2973.965071632606
soy 55 1998 0.02087369857765098 14.14906998458879 3575.988658060689
grass 17 1998 0.03213090384952217 34.08609245295718 10677.16518195485
grass 18 1998 0.03255520552436489 29.09974725546245 10089.23572167284
grass 19 1998 0.03242940709437021 30.57459623584185 9688.941897067902
grass 20 1998 0.03269362599115522 29.13438247185543 10318.53305399231
grass 26 1998 0.03414220536218255 30.77591371377345 8251.01950887428
grass 27 1998 0.03333252477536796 29.57643991094153 8849.516195853777
grass 29 1998 0.0319250020041168 33.44120574321002 11219.84364690231
grass 31 1998 0.03401990334255928 30.06580965949517 8152.545221339682
grass 38 1998 0.03483397475398811 29.7218824263499 7037.199719129894
grass 39 1998 0.03345982600493316 29.26913799426507 8339.262989674762
grass 46 1998 0.03455778685027657 30.03415945468633 7615.721910685186
grass 55 1998 0.03350218172575977 30.87996169585693 8735.26351890961
grass_ML 17 1998 0.03213090384952217 34.08609245295718 10677.16518195485
grass_ML 18 1998 0.03255520552436489 29.09974725546245 10089.23572167284
grass_ML 19 1998 0.03242940709437021 30.57459623584185 9688.941897067902
grass_ML 20 1998 0.03269362599115522 29.13438247185543 10318.53305399231
grass_ML 26 1998 0.03414220536218255 30.77591371377345 8251.01950887428
grass_ML 27 1998 0.03333252477536796 29.57643991094153 8849.516195853777
grass_ML 29 1998 0.0319250020041168 33.44120574321002 11219.84364690231
grass_ML 31 1998 0.03401990334255928 30.06580965949517 8152.545221339682
grass_ML 38 1998 0.03483397475398811 29.7218824263499 7037.199719129894
grass_ML 39 1998 0.03345982600493316 29.26913799426507 8339.262989674762
grass_ML 46 1998 0.03455778685027657 30.03415945468633 7615.721910685186
grass_ML 55 1998 0.03350218172575977 30.87996169585693 8735.26351890961
algae 17 1998 0.09413013252390168 74.16693468326713 48206.59347762335
algae 18 1998 0.09377417037987394 68.16975120320724 48363.65328265136
algae 19 1998 0.1013541435837318 71.65044302007078 43940.49742076311
algae 20 1998 0.08620984390326983 66.58305046592255 53908.60501033858
algae 26 1998 0.1108463305887867 73.80050346749834 39834.16763236994
algae 27 1998 0.1156726001401738 73.3254614542578 37677.94882843077
algae 29 1998 0.08900958606233329 72.14457039479265 51722.26910585358
algae 31 1998 0.0967939998537119 69.72337559008011 46365.60803246333
algae 38 1998 0.1157704408885727 73.2357765969711 37313.60741785368
algae 39 1998 0.0986195132172166 69.23532964457831 45420.08374172224
algae 46 1998 0.1062985810748385 71.66841325717044 41515.84228162702
algae 55 1998 0.1067525986671591 73.11330969618591 41433.99807646291
algae_ML 17 1998 0.09413013252390168 74.16693468326713 48206.59347762335
algae_ML 18 1998 0.09377417037987394 68.16975120320724 48363.65328265136
algae_ML 19 1998 0.1013541435837318 71.65044302007078 43940.49742076311
algae_ML 20 1998 0.08620984390326983 66.58305046592255 53908.60501033858
algae_ML 26 1998 0.1108463305887867 73.80050346749834 39834.16763236994
algae_ML 27 1998 0.1156726001401738 73.3254614542578 37677.94882843077
algae_ML 29 1998 0.08900958606233329 72.14457039479265 51722.26910585358
algae_ML 31 1998 0.0967939998537119 69.72337559008011 46365.60803246333
algae_ML 38 1998 0.1157704408885727 73.2357765969711 37313.60741785368
algae_ML 39 1998 0.0986195132172166 69.23532964457831 45420.08374172224
algae_ML 46 1998 0.1062985810748385 71.66841325717044 41515.84228162702
algae_ML 55 1998 0.1067525986671591 73.11330969618591 41433.99807646291
corn 17 1999 0.02244952032237288 44.12692549964549 10764.50157492257
corn 18 1999 0.02328857091360957 43.44598039777819 10034.31019404582
corn 19 1999 0.02147941460890497 43.04620967871611 11590.77341010007
corn 20 1999 0.02491586124284521 44.0867791536332 9144.235874209007
corn 26 1999 0.02379555951831957 43.88772126378534 9770.271187207987
corn 27 1999 0.0227942990971988 43.30853863819445 10734.756588833
corn 29 1999 0.02749328929863773 46.02613032358076 7653.048836006889
corn 31 1999 0.02190770440683756 43.06851788195592 11108.66371189664
corn 38 1999 0.02792398645379081 45.3769366119511 7553.561476452737
corn 39 1999 0.02438998787424055 43.90001735550929 9300.532800386753
corn 46 1999 0.02695071884265271 45.03034241431588 8237.720614711048
corn 55 1999 0.02276618614553236 43.5419181754186 10517.66723783696
soy 17 1999 0.02348372316502755 14.69466853985992 3395.672405695051
soy 18 1999 0.02588289751470085 14.65902195935829 3158.996474506138
soy 19 1999 0.01991051474596856 14.02961712767803 3611.927259077504
soy 20 1999 0.03147404844955551 15.34008901925565 2975.325155053844
soy 26 1999 0.02613911543453035 14.77928008726895 3127.96979821829
soy 27 1999 0.02441707706213537 14.50236198720408 3302.467390321237
soy 29 1999 0.04334842758391091 17.10409310624009 2282.62007024576
soy 31 1999 0.0187177487531527 13.83565596308347 3754.627422459376
soy 38 1999 0.04451593307337382 16.95122775410433 2290.591341029253
soy 39 1999 0.0293443137534178 15.08369339217128 2932.962993591265
soy 46 1999 0.03527540172129967 15.84717432179577 2695.998041685296
soy 55 1999 0.01906989583895466 13.92867445365084 3689.562309638546
grass 17 1999 0.03210657017301861 34.08236115396779 10766.21656029191
grass 18 1999 0.03236479265428523 29.07054958402562 10434.04985406713
grass 19 1999 0.03325868377794125 30.7017564714975 8450.24840431285
grass 20 1999 0.03544575001536331 29.55638967745884 7589.378241628739
grass 26 1999 0.03472563595222943 30.86537619785263 7587.876182031386
grass 27 1999 0.03472628535330798 29.79015740355856 7306.305489698973
grass 29 1999 0.03193852276387334 33.44327900800477 11233.85088920667
grass 31 1999 0.03992842522030954 30.97181489333227 4778.152868138214
grass 38 1999 0.03769104096963041 30.15998131224977 5229.304008208465
grass 39 1999 0.03257245060328993 29.13306897122565 9816.267030895522
grass 46 1999 0.03789278523150393 30.54554387174551 5091.156064147839
grass 55 1999 0.03386079562484987 30.9349510998551 8232.432476317901
grass_ML 17 1999 0.03210657017301861 34.08236115396779 10766.21656029191
grass_ML 18 1999 0.03236479265428523 29.07054958402562 10434.04985406713
grass_ML 19 1999 0.03325868377794125 30.7017564714975 8450.24840431285
grass_ML 20 1999 0.03544575001536331 29.55638967745884 7589.378241628739
grass_ML 26 1999 0.03472563595222943 30.86537619785263 7587.876182031386
grass_ML 27 1999 0.03472628535330798 29.79015740355856 7306.305489698973
grass_ML 29 1999 0.03193852276387334 33.44327900800477 11233.85088920667
grass_ML 31 1999 0.03992842522030954 30.97181489333227 4778.152868138214
grass_ML 38 1999 0.03769104096963041 30.15998131224977 5229.304008208465
grass_ML 39 1999 0.03257245060328993 29.13306897122565 9816.267030895522
grass_ML 46 1999 0.03789278523150393 30.54554387174551 5091.156064147839
grass_ML 55 1999 0.03386079562484987 30.9349510998551 8232.432476317901
algae 17 1999 0.09156049612898558 73.41222418933282 50016.71076803669
algae 18 1999 0.09104924743722886 67.59364033036239 50239.95985512281
algae 19 1999 0.09997410700383409 71.31116276713604 44727.63580322576
algae 20 1999 0.08727042941003108 66.80735229133919 53054.38894220677
algae 26 1999 0.1141076783587346 74.56264335200325 38562.5869880904
algae 27 1999 0.1235841307493144 75.03685819220091 35007.91253280252
algae 29 1999 0.08672861483701011 71.49606043284133 53488.8072557999
algae 31 1999 0.09610704426676782 69.57287415303185 46769.64166891886
algae 38 1999 0.1218834208703738 74.55243368223402 35142.84689329079
algae 39 1999 0.09528962573076874 68.53036557925472 47414.5552021952
algae 46 1999 0.1066628422965041 71.74836557855625 41377.75372692862
algae 55 1999 0.1125052555507292 74.4363637875446 38979.17652757655
algae_ML 17 1999 0.09156049612898558 73.41222418933282 50016.71076803669
algae_ML 18 1999 0.09104924743722886 67.59364033036239 50239.95985512281
algae_ML 19 1999 0.09997410700383409 71.31116276713604 44727.63580322576
algae_ML 20 1999 0.08727042941003108 66.80735229133919 53054.38894220677
algae_ML 26 1999 0.1141076783587346 74.56264335200325 38562.5869880904
algae_ML 27 1999 0.1235841307493144 75.03685819220091 35007.91253280252
algae_ML 29 1999 0.08672861483701011 71.49606043284133 53488.8072557999
algae_ML 31 1999 0.09610704426676782 69.57287415303185 46769.64166891886
algae_ML 38 1999 0.1218834208703738 74.55243368223402 35142.84689329079
algae_ML 39 1999 0.09528962573076874 68.53036557925472 47414.5552021952
algae_ML 46 1999 0.1066628422965041 71.74836557855625 41377.75372692862
algae_ML 55 1999 0.1125052555507292 74.4363637875446 38979.17652757655
corn 17 2000 0.0215553818735157 43.76682101778135 11505.50543765908
corn 18 2000 0.02181939750445703 42.86094720048087 11243.47790921619
corn 19 2000 0.02153935798275273 43.06917581579719 11440.47837770005
corn 20 2000 0.02588570062956577 44.4729545659217 8665.837633831812
corn 26 2000 0.02514529816840751 44.42634123906067 8898.476652303969
corn 27 2000 0.02341780929237728 43.55695615949614 10256.66072144644
corn 29 2000 0.0229613693103523 44.20634629909821 10271.90225611521
corn 31 2000 0.02300479002670224 43.50609927057872 10154.23664383587
corn 38 2000 0.0280882234978685 45.44211890960501 7595.819882201073
corn 39 2000 0.02239646995783575 43.10609742464404 10731.01897070309
corn 46 2000 0.02973651222178756 46.14154833222454 7566.010466164138
corn 55 2000 0.0238267447489636 43.9654346219526 9678.836321364044
soy 17 2000 0.02115229818150885 14.40405433364777 3504.51134407277
soy 18 2000 0.01848816167410917 13.75811665873862 3725.748048565436
soy 19 2000 0.02051464678867829 14.10290994399177 3550.706362353481
soy 20 2000 0.05318334380504802 17.98496981593057 2193.894329336928
soy 26 2000 0.03119071266148787 15.39701921956954 2819.792407531135
soy 27 2000 0.02606844166975283 14.70373882566339 3190.189719280142
soy 29 2000 0.03690840475443696 16.30276221667809 2657.569625472514
soy 31 2000 0.02283538450470932 14.33818716326824 3380.492216103275
soy 38 2000 0.04252530378421916 16.70866532272565 2321.622639185642
soy 39 2000 0.0216614527280943 14.14761003470105 3452.794068184359
soy 46 2000 0.04360654470206943 16.8644617048971 2426.716605808235
soy 55 2000 0.02420567865096337 14.5567650813196 3273.093612859431
grass 17 2000 0.03214152877850171 34.08772166532987 10649.35516940613
grass 18 2000 0.03225197292908277 29.05324995115498 10667.81142825309
grass 19 2000 0.03242562553815587 30.57401637609921 9695.913422533391
grass 20 2000 0.03346196383168423 29.25219843441916 9369.158749626195
grass 26 2000 0.03503184477188545 30.91232987359858 7284.837094840728
grass 27 2000 0.03364136527085252 29.62379711978886 8409.648431405723
grass 29 2000 0.03164922411171664 33.39891833172829 11967.150349283
grass 31 2000 0.03535650208440768 30.27076201293403 7006.530027650523
grass 38 2000 0.03557767665826002 29.8359207243285 6381.986382182805
grass 39 2000 0.03264556617430197 29.14428042428038 9771.49730472124
grass 46 2000 0.03548106894143646 30.17573436901559 6591.413691208334
grass 55 2000 0.0336768983771332 30.9067525272398 8494.64710428373
grass_ML 17 2000 0.03214152877850171 34.08772166532987 10649.35516940613
grass_ML 18 2000 0.03225197292908277 29.05324995115498 10667.81142825309
grass_ML 19 2000 0.03242562553815587 30.57401637609921 9695.913422533391
grass_ML 20 2000 0.03346196383168423 29.25219843441916 9369.158749626195
grass_ML 26 2000 0.03503184477188545 30.91232987359858 7284.837094840728
grass_ML 27 2000 0.03364136527085252 29.62379711978886 8409.648431405723
grass_ML 29 2000 0.03164922411171664 33.39891833172829 11967.150349283
grass_ML 31 2000 0.03535650208440768 30.27076201293403 7006.530027650523
grass_ML 38 2000 0.03557767665826002 29.8359207243285 6381.986382182805
grass_ML 39 2000 0.03264556617430197 29.14428042428038 9771.49730472124
grass_ML 46 2000 0.03548106894143646 30.17573436901559 6591.413691208334
grass_ML 55 2000 0.0336768983771332 30.9067525272398 8494.64710428373
algae 17 2000 0.09593322264314003 74.6226369528062 47255.4030561054
algae 18 2000 0.0967782036646181 68.80487233496922 46588.1695880863
algae 19 2000 0.1018999968886108 71.76819619585578 43738.18073305817
algae 20 2000 0.08551766495968138 66.4364181560361 54389.21156244963
algae 26 2000 0.1238626238193761 76.81069035280115 34948.74736548973
algae 27 2000 0.1239620766914436 75.1186141694264 34828.08093201113
algae 29 2000 0.08839073874390141 71.9782054350888 52161.39555354891
algae 31 2000 0.09369199160505508 69.03971861154555 48282.16441780078
algae 38 2000 0.1202617095763239 74.20600315703001 35690.43492796023
algae 39 2000 0.1041543405863169 70.40852648009297 42561.45824031971
algae 46 2000 0.1066475986311865 71.73977666565304 41402.15763391837
algae 55 2000 0.1179188377854227 75.71120003069993 36831.18932636697
algae_ML 17 2000 0.09593322264314003 74.6226369528062 47255.4030561054
algae_ML 18 2000 0.0967782036646181 68.80487233496922 46588.1695880863
algae_ML 19 2000 0.1018999968886108 71.76819619585578 43738.18073305817
algae_ML 20 2000 0.08551766495968138 66.4364181560361 54389.21156244963
algae_ML 26 2000 0.1238626238193761 76.81069035280115 34948.74736548973
algae_ML 27 2000 0.1239620766914436 75.1186141694264 34828.08093201113
algae_ML 29 2000 0.08839073874390141 71.9782054350888 52161.39555354891
algae_ML 31 2000 0.09369199160505508 69.03971861154555 48282.16441780078
algae_ML 38 2000 0.1202617095763239 74.20600315703001 35690.43492796023
algae_ML 39 2000 0.1041543405863169 70.40852648009297 42561.45824031971
algae_ML 46 2000 0.1066475986311865 71.73977666565304 41402.15763391837
algae_ML 55 2000 0.1179188377854227 75.71120003069993 36831.18932636697
corn 17 2001 0.02151428337736288 43.7502938715222 11527.66699869718
corn 18 2001 0.02146711650272259 42.72066690799139 11606.21077757419
corn 19 2001 0.02173991778104528 43.14966792797276 11281.72807530904
corn 20 2001 0.02624539407941862 44.61617281486897 8341.302669329405
corn 26 2001 0.02973478335882474 46.25877038106749 7084.528519207139
corn 27 2001 0.02388575631422575 43.74339455815841 9715.132484294933
corn 29 2001 0.02360647681702857 44.4655422307877 9739.588127964213
corn 31 2001 0.02163907466178809 42.96143548710934 11391.37691448686
corn 38 2001 0.02683154822361424 44.94163095400221 7993.616897906491
corn 39 2001 0.02366003031592882 43.60931834107617 9825.234153196921
corn 46 2001 0.02782699664135925 45.37985114738981 7847.255914271828
corn 55 2001 0.02430413329698885 44.15620232830753 9316.770597865274
soy 17 2001 0.02031878073180476 14.30180033018036 3569.161006644835
soy 18 2001 0.01755746509949718 13.6447293098919 3820.470186237442
soy 19 2001 0.02066949406121917 14.12158555510976 3525.106533743219
soy 20 2001 0.03276106757346991 15.49688004857486 2822.625050195931
soy 26 2001 0.04755600202755386 17.3991859796883 2214.741038362757
soy 27 2001 0.02979770970585293 15.15850708815285 2915.925590772039
soy 29 2001 0.02914200940036514 15.34958238162748 2926.392460490896
soy 31 2001 0.01705068861504049 13.63173999714565 3884.639443494879
soy 38 2001 0.04272824325594107 16.73295420589701 2352.128102783
soy 39 2001 0.0251054703783744 14.56724496856529 3209.698841438899
soy 46 2001 0.04941755679568367 17.5748453176588 2280.803491624054
soy 55 2001 0.02773329818149552 14.98863092634191 3024.96259906044
grass 17 2001 0.03245988399232742 34.13653785381146 9950.397771260692
grass 18 2001 0.03275697818213479 29.13068681812817 9661.610927502315
grass 19 2001 0.0330241091854042 30.66578709314021 8854.260743267958
grass 20 2001 0.03864572025567378 30.04706906934614 6523.276836937591
grass 26 2001 0.03470704517050549 30.86252550073626 7546.888250534994
grass 27 2001 0.03392020567656341 29.66655416491319 8066.937573390874
grass 29 2001 0.03186763207789073 33.43240870657257 11342.21952365325
grass 31 2001 0.04488645224364706 31.73207249005368 3746.79219039709
grass 38 2001 0.04357070760208911 31.0615619155475 4076.005111151322
grass 39 2001 0.03282781243159769 29.17222584214764 9349.746352865901
grass 46 2001 0.04438453350636282 31.5409803130073 3269.278802833488
grass 55 2001 0.03385340090126638 30.93381720155297 8234.571101100972
grass_ML 17 2001 0.03245988399232742 34.13653785381146 9950.397771260692
grass_ML 18 2001 0.03275697818213479 29.13068681812817 9661.610927502315
grass_ML 19 2001 0.0330241091854042 30.66578709314021 8854.260743267958
grass_ML 20 2001 0.03864572025567378 30.04706906934614 6523.276836937591
grass_ML 26 2001 0.03470704517050549 30.86252550073626 7546.888250534994
grass_ML 27 2001 0.03392020567656341 29.66655416491319 8066.937573390874
grass_ML 29 2001 0.03186763207789073 33.43240870657257 11342.21952365325
grass_ML 31 2001 0.04488645224364706 31.73207249005368 3746.79219039709
grass_ML 38 2001 0.04357070760208911 31.0615619155475 4076.005111151322
grass_ML 39 2001 0.03282781243159769 29.17222584214764 9349.746352865901
grass_ML 46 2001 0.04438453350636282 31.5409803130073 3269.278802833488
grass_ML 55 2001 0.03385340090126638 30.93381720155297 8234.571101100972
algae 17 2001 0.09283345176541363 73.75793879789549 49190.43468635434
algae 18 2001 0.0934462171804925 68.10041439636728 48660.85378494745
algae 19 2001 0.100989704389797 71.54784132984634 44188.11792328701
algae 20 2001 0.08511866855002888 66.35206604795475 54736.6855607613
algae 26 2001 0.1184715682948262 75.56439104719712 36829.1455183592
algae 27 2001 0.1201815475392433 74.30082239203269 36008.41073676812
algae 29 2001 0.0866592402465573 71.49654984201196 53485.75393603285
algae 31 2001 0.09459673589556748 69.24175242107495 47710.93670713024
algae 38 2001 0.1148369626841977 73.03939322958527 37679.83215749208
algae 39 2001 0.1000010961400628 69.52846974319147 44704.5237006274
algae 46 2001 0.1055821550227156 71.50400897710543 41875.86461425835
algae 55 2001 0.1130804832833321 74.57663603157278 38702.029691969
algae_ML 17 2001 0.09283345176541363 73.75793879789549 49190.43468635434
algae_ML 18 2001 0.0934462171804925 68.10041439636728 48660.85378494745
algae_ML 19 2001 0.100989704389797 71.54784132984634 44188.11792328701
algae_ML 20 2001 0.08511866855002888 66.35206604795475 54736.6855607613
algae_ML 26 2001 0.1184715682948262 75.56439104719712 36829.1455183592
algae_ML 27 2001 0.1201815475392433 74.30082239203269 36008.41073676812
algae_ML 29 2001 0.0866592402465573 71.49654984201196 53485.75393603285
algae_ML 31 2001 0.09459673589556748 69.24175242107495 47710.93670713024
algae_ML 38 2001 0.1148369626841977 73.03939322958527 37679.83215749208
algae_ML 39 2001 0.1000010961400628 69.52846974319147 44704.5237006274
algae_ML 46 2001 0.1055821550227156 71.50400897710543 41875.86461425835
algae_ML 55 2001 0.1130804832833321 74.57663603157278 38702.029691969
corn 17 2002 0.02402265222528069 44.7594156813719 9825.94388575021
corn 18 2002 0.02516000032616892 44.19119417172406 8835.517260625165
corn 19 2002 0.02094086394667819 42.83061564183739 12186.05490035841
corn 20 2002 0.02862002332179675 45.56171932789741 7527.479766613049
corn 26 2002 0.02651386683663742 44.97307577112714 8303.622936282789
corn 27 2002 0.02226427066549723 43.09736588729616 11066.26924821667
corn 29 2002 0.02599371842200181 45.42329350707894 8260.291559193462
corn 31 2002 0.02290083093645832 43.46434726091221 10385.89532314842
corn 38 2002 0.02870772110473659 45.6891323247697 7307.375077899381
corn 39 2002 0.02843156085718818 45.50962542261583 7181.156341923484
corn 46 2002 0.03595714700658904 48.62275956737202 6179.303855445521
corn 55 2002 0.02340764960510794 43.79813167454623 9950.21121019048
soy 17 2002 0.02481343038812926 14.85806269354685 3341.083091456546
soy 18 2002 0.02618805456995212 14.69619943072746 3158.800715457547
soy 19 2002 0.01847344018299554 13.85352992523473 3737.820057092475
soy 20 2002 0.045418644977157 17.03899035521262 2372.396027970175
soy 26 2002 0.02684627312428981 14.86573130446667 3080.606693183739
soy 27 2002 0.02312955354929633 14.34535400544216 3385.073711129933
soy 29 2002 0.03658921041542049 16.26520886525981 2593.470597514489
soy 31 2002 0.023512052016302 14.42132558513263 3404.527418819976
soy 38 2002 0.04738120022711407 17.30028288345294 2188.276798211433
soy 39 2002 0.03403462617781822 15.65519903799396 2656.639224905472
soy 46 2002 0.05754735398637264 18.56616179824359 2099.67915483024
soy 55 2002 0.02063473763644086 14.12045498638701 3544.069618855756
grass 17 2002 0.03198313049485174 34.06343307298667 11015.63279541281
grass 18 2002 0.03230914734033406 29.06201700455528 10535.15358152469
grass 19 2002 0.03256434641687443 30.5952876603753 9479.710108757294
grass 20 2002 0.03469403925858774 29.4411233027356 7688.221852536632
grass 26 2002 0.03441568668608909 30.81784899246618 7926.756517322391
grass 27 2002 0.0340870642022806 29.69214004890501 7951.00731225547
grass 29 2002 0.0320170437311272 33.4553193095801 11062.62967942747
grass 31 2002 0.03649287123793452 30.44501142527816 5931.28067812198
grass 38 2002 0.03935550619407562 30.41520831449382 4809.738493616402
grass 39 2002 0.03235299672737565 29.09941819595263 10225.85116914979
grass 46 2002 0.03880895888949623 30.68602877524151 4844.821932785803
grass 55 2002 0.03380437637480519 30.92629984152854 8328.972078838404
grass_ML 17 2002 0.03198313049485174 34.06343307298667 11015.63279541281
grass_ML 18 2002 0.03230914734033406 29.06201700455528 10535.15358152469
grass_ML 19 2002 0.03256434641687443 30.5952876603753 9479.710108757294
grass_ML 20 2002 0.03469403925858774 29.4411233027356 7688.221852536632
grass_ML 26 2002 0.03441568668608909 30.81784899246618 7926.756517322391
grass_ML 27 2002 0.0340870642022806 29.69214004890501 7951.00731225547
grass_ML 29 2002 0.0320170437311272 33.4553193095801 11062.62967942747
grass_ML 31 2002 0.03649287123793452 30.44501142527816 5931.28067812198
grass_ML 38 2002 0.03935550619407562 30.41520831449382 4809.738493616402
grass_ML 39 2002 0.03235299672737565 29.09941819595263 10225.85116914979
grass_ML 46 2002 0.03880895888949623 30.68602877524151 4844.821932785803
grass_ML 55 2002 0.03380437637480519 30.92629984152854 8328.972078838404
algae 17 2002 0.093947101270198 74.08112733245403 48418.27843782643
algae 18 2002 0.09476723271047591 68.37970720401351 47778.85260721685
algae 19 2002 0.09967224895588614 71.24431538194557 44899.59951927605
algae 20 2002 0.08599743509535024 66.53786904597214 53988.76979216615
algae 26 2002 0.1169941936295214 75.23106239205296 37461.01190139537
algae 27 2002 0.1237974955949239 75.08301255994516 34904.35305871908
algae 29 2002 0.08746556245216833 71.7144398264194 52762.56867317861
algae 31 2002 0.09449447211351619 69.21583627985815 47765.86485087321
algae 38 2002 0.1239561788200116 74.99805474497941 34451.5605309629
algae 39 2002 0.09968749565349622 69.46199602209641 44834.15330535374
algae 46 2002 0.1083753142305537 72.12269898713913 40612.9212664741
algae 55 2002 0.1140471471472809 74.7952447337089 38335.25751975358
algae_ML 17 2002 0.093947101270198 74.08112733245403 48418.27843782643
algae_ML 18 2002 0.09476723271047591 68.37970720401351 47778.85260721685
algae_ML 19 2002 0.09967224895588614 71.24431538194557 44899.59951927605
algae_ML 20 2002 0.08599743509535024 66.53786904597214 53988.76979216615
algae_ML 26 2002 0.1169941936295214 75.23106239205296 37461.01190139537
algae_ML 27 2002 0.1237974955949239 75.08301255994516 34904.35305871908
algae_ML 29 2002 0.08746556245216833 71.7144398264194 52762.56867317861
algae_ML 31 2002 0.09449447211351619 69.21583627985815 47765.86485087321
algae_ML 38 2002 0.1239561788200116 74.99805474497941 34451.5605309629
algae_ML 39 2002 0.09968749565349622 69.46199602209641 44834.15330535374
algae_ML 46 2002 0.1083753142305537 72.12269898713913 40612.9212664741
algae_ML 55 2002 0.1140471471472809 74.7952447337089 38335.25751975358
corn 17 2003 0.02169925182904276 43.82540317629348 11601.49546227714
corn 18 2003 0.02226490114294094 43.03834927497066 10808.63949215115
corn 19 2003 0.02144631324068772 43.03248842118217 11624.92741471621
corn 20 2003 0.02741964388981925 45.0837463851533 7960.202158642922
corn 26 2003 0.02655295929608677 44.98910438168104 8528.184639344578
corn 27 2003 0.024335292190076 43.92249763165042 9801.688391004227
corn 29 2003 0.02669830827055083 45.70484568676599 8046.940949343459
corn 31 2003 0.0219840626082068 43.09882802448534 11090.66951872847
corn 38 2003 0.03054864011668985 46.42240785580096 6912.781417951124
corn 39 2003 0.02256980889563586 43.17511627937908 10628.22260214018
corn 46 2003 0.03335534510575623 47.58506426571378 6930.325424151612
corn 55 2003 0.02423220389206468 44.12738402139657 9404.354040468588
soy 17 2003 0.02804081759685659 15.25416932191531 3005.179355203838
soy 18 2003 0.02667714897037791 14.75578610761039 3079.787310181527
soy 19 2003 0.0337367845748987 15.72028469736072 2676.327889209852
soy 20 2003 0.04495112335971959 16.98202606391562 2468.326946210822
soy 26 2003 0.04292378112550456 16.83185642371249 2286.989054811997
soy 27 2003 0.0361846126307604 15.93736252881903 2586.340070886171
soy 29 2003 0.04166552506961508 16.89191723354532 2375.665486890056
soy 31 2003 0.01992053100306487 13.98194525482487 3631.137621215071
soy 38 2003 0.0571720863704381 18.49403059932688 1959.010687657097
soy 39 2003 0.02654487896707321 14.74261365215881 3077.82788557234
soy 46 2003 0.063583617077959 19.30363440042213 1919.843792952253
soy 55 2003 0.03952105125907129 16.43079824717249 2442.605828986602
grass 17 2003 0.03186159296063199 34.04479665086031 11333.60910729162
grass 18 2003 0.03215624903085382 29.03857177291837 10894.89173465432
grass 19 2003 0.03233533937237519 30.56017199247263 9880.932165609987
grass 20 2003 0.03302309537542807 29.18490289617595 10046.84299294464
grass 26 2003 0.03465176091880322 30.8540482926636 7723.770155255772
grass 27 2003 0.0346789522683876 29.78289939893493 7326.462373487254
grass 29 2003 0.03144138213392304 33.36704811304962 12554.24425029736
grass 31 2003 0.03640931239079855 30.43219860934133 6466.35192036865
grass 38 2003 0.04270987789982925 30.92956339230686 4079.819859774338
grass 39 2003 0.03228142784446903 29.08844391648104 10388.13045838765
grass 46 2003 0.03929268472010302 30.76020270021633 4764.178188285493
grass 55 2003 0.03398285307086371 30.95366722478944 8104.356990418871
grass_ML 17 2003 0.03186159296063199 34.04479665086031 11333.60910729162
grass_ML 18 2003 0.03215624903085382 29.03857177291837 10894.89173465432
grass_ML 19 2003 0.03233533937237519 30.56017199247263 9880.932165609987
grass_ML 20 2003 0.03302309537542807 29.18490289617595 10046.84299294464
grass_ML 26 2003 0.03465176091880322 30.8540482926636 7723.770155255772
grass_ML 27 2003 0.0346789522683876 29.78289939893493 7326.462373487254
grass_ML 29 2003 0.03144138213392304 33.36704811304962 12554.24425029736
grass_ML 31 2003 0.03640931239079855 30.43219860934133 6466.35192036865
grass_ML 38 2003 0.04270987789982925 30.92956339230686 4079.819859774338
grass_ML 39 2003 0.03228142784446903 29.08844391648104 10388.13045838765
grass_ML 46 2003 0.03929268472010302 30.76020270021633 4764.178188285493
grass_ML 55 2003 0.03398285307086371 30.95366722478944 8104.356990418871
algae 17 2003 0.09947991303766329 75.613382039869 45169.02921916689
algae 18 2003 0.10331526794938 70.18695694178717 43030.2509478462
algae 19 2003 0.1032308704215239 72.07965339528411 42995.56337120895
algae 20 2003 0.08855369942156915 67.0787495192212 52054.56860633946
algae 26 2003 0.1310288770413179 78.46101614439696 32706.72347866178
algae 27 2003 0.1248776128457308 75.31666002568656 34514.06575072838
algae 29 2003 0.09125760116335774 72.76070459268 50059.09530800421
algae 31 2003 0.09664080352842984 69.6886819257437 46455.78284330623
algae 38 2003 0.1231732813518161 74.83743836523828 34712.32275262866
algae 39 2003 0.1136813062113113 72.42677402281168 38329.26184129808
algae 46 2003 0.1091461992970603 72.28914438982066 40266.24909815346
algae 55 2003 0.1191382678895156 75.98547729751273 36382.19073047432
algae_ML 17 2003 0.09947991303766329 75.613382039869 45169.02921916689
algae_ML 18 2003 0.10331526794938 70.18695694178717 43030.2509478462
algae_ML 19 2003 0.1032308704215239 72.07965339528411 42995.56337120895
algae_ML 20 2003 0.08855369942156915 67.0787495192212 52054.56860633946
algae_ML 26 2003 0.1310288770413179 78.46101614439696 32706.72347866178
algae_ML 27 2003 0.1248776128457308 75.31666002568656 34514.06575072838
algae_ML 29 2003 0.09125760116335774 72.76070459268 50059.09530800421
algae_ML 31 2003 0.09664080352842984 69.6886819257437 46455.78284330623
algae_ML 38 2003 0.1231732813518161 74.83743836523828 34712.32275262866
algae_ML 39 2003 0.1136813062113113 72.42677402281168 38329.26184129808
algae_ML 46 2003 0.1091461992970603 72.28914438982066 40266.24909815346
algae_ML 55 2003 0.1191382678895156 75.98547729751273 36382.19073047432
corn 17 2004 0.0204272089100305 43.31368847382327 12824.08198327222
corn 18 2004 0.02122545521167601 42.62443602808407 11880.22279035519
corn 19 2004 0.02005772590386015 42.47739228140831 13207.9114991553
corn 20 2004 0.02354655656152753 43.5415450409786 10109.46460095707
corn 26 2004 0.02633565518657385 44.9017915138841 8460.144184608856
corn 27 2004 0.0248859787743826 44.14190097992446 9815.435778850027
corn 29 2004 0.02204387485660439 43.83801808578882 11029.46888260445
corn 31 2004 0.02104034713346643 42.72263850100579 12019.27540550505
corn 38 2004 0.0338378926396699 47.73321750026517 5855.934146866153
corn 39 2004 0.02235562076125397 43.08981984448661 10800.83690845545
corn 46 2004 0.03022369565189772 46.33624562493897 7633.740765806373
corn 55 2004 0.02480566161758625 44.35594093456555 9121.278262284734
soy 17 2004 0.01789171682178026 14.00173008260579 3798.449064743549
soy 18 2004 0.0168195265419436 13.55482579237058 3898.470158405919
soy 19 2004 0.01755932239813741 13.7398868077814 3811.302817292655
soy 20 2004 0.02739832953310267 14.84354486513022 3105.943060983057
soy 26 2004 0.03880809741519148 16.32922680912034 2546.363643268038
soy 27 2004 0.04593688469402506 17.1266103308182 2480.860165771711
soy 29 2004 0.02416283290212356 14.73593835584474 3271.44074661493
soy 31 2004 0.02150736987617971 14.177070331467 3559.663875908475
soy 38 2004 0.0741808336946732 20.56816317701604 1581.591641228049
soy 39 2004 0.02023281629873805 13.9735172603494 3568.614178998238
soy 46 2004 0.08667835124145505 22.12883238743559 2048.795742188615
soy 55 2004 0.03552368099965709 15.94157238591643 2646.155676962755
grass 17 2004 0.03285108949822407 34.19652480430394 9285.589986287165
grass 18 2004 0.0325785043053672 29.10331986734918 10162.97564450154
grass 19 2004 0.03217845556839954 30.53611562942391 10204.50473374411
grass 20 2004 0.03308383700298732 29.19421695103117 9953.405923390623
grass 26 2004 0.03456159359045123 30.8402221386725 7786.37543245232
grass 27 2004 0.03319606656735875 29.55551559726752 9075.24963803371
grass 29 2004 0.03191547260788879 33.43974451510851 11249.56591299573
grass 31 2004 0.03438630241219314 30.12199283760242 7233.695227278677
grass 38 2004 0.03462300803950632 29.68953305525666 7003.55924414656
grass 39 2004 0.03260230476332458 29.13764678666105 9684.28187318755
grass 46 2004 0.03581209644071624 30.22649369390844 6321.991661782408
grass 55 2004 0.03372520531136627 30.91415985187899 8454.287461786815
grass_ML 17 2004 0.03285108949822407 34.19652480430394 9285.589986287165
grass_ML 18 2004 0.0325785043053672 29.10331986734918 10162.97564450154
grass_ML 19 2004 0.03217845556839954 30.53611562942391 10204.50473374411
grass_ML 20 2004 0.03308383700298732 29.19421695103117 9953.405923390623
grass_ML 26 2004 0.03456159359045123 30.8402221386725 7786.37543245232
grass_ML 27 2004 0.03319606656735875 29.55551559726752 9075.24963803371
grass_ML 29 2004 0.03191547260788879 33.43974451510851 11249.56591299573
grass_ML 31 2004 0.03438630241219314 30.12199283760242 7233.695227278677
grass_ML 38 2004 0.03462300803950632 29.68953305525666 7003.55924414656
grass_ML 39 2004 0.03260230476332458 29.13764678666105 9684.28187318755
grass_ML 46 2004 0.03581209644071624 30.22649369390844 6321.991661782408
grass_ML 55 2004 0.03372520531136627 30.91415985187899 8454.287461786815
algae 17 2004 0.09833637871950535 75.27811081051247 45864.9530515685
algae 18 2004 0.09927009160330935 69.33171432280811 45166.14962612716
algae 19 2004 0.1074183488207209 73.02765612662117 41072.28232936094
algae 20 2004 0.08953595308520058 67.28663562031913 51343.55937387219
algae 26 2004 0.1328424030577998 78.8972305571202 32313.17127683519
algae 27 2004 0.1393461282741326 78.44644253719265 30629.11303597179
algae 29 2004 0.09223314480909697 73.0213873220569 49456.92164560914
algae 31 2004 0.100018247207072 70.44958350760962 44582.08230590116
algae 38 2004 0.1344362935639013 77.26056864932632 31396.00130328182
algae 39 2004 0.1095031881777893 71.54156232858942 40101.37481881198
algae 46 2004 0.113897904286036 73.33724605957347 38296.08785475187
algae 55 2004 0.127745157481111 78.00359108435669 33569.63566069302
algae_ML 17 2004 0.09833637871950535 75.27811081051247 45864.9530515685
algae_ML 18 2004 0.09927009160330935 69.33171432280811 45166.14962612716
algae_ML 19 2004 0.1074183488207209 73.02765612662117 41072.28232936094
algae_ML 20 2004 0.08953595308520058 67.28663562031913 51343.55937387219
algae_ML 26 2004 0.1328424030577998 78.8972305571202 32313.17127683519
algae_ML 27 2004 0.1393461282741326 78.44644253719265 30629.11303597179
algae_ML 29 2004 0.09223314480909697 73.0213873220569 49456.92164560914
algae_ML 31 2004 0.100018247207072 70.44958350760962 44582.08230590116
algae_ML 38 2004 0.1344362935639013 77.26056864932632 31396.00130328182
algae_ML 39 2004 0.1095031881777893 71.54156232858942 40101.37481881198
algae_ML 46 2004 0.113897904286036 73.33724605957347 38296.08785475187
algae_ML 55 2004 0.127745157481111 78.00359108435669 33569.63566069302
corn 17 2005 0.02270852160545752 44.2298863634153 10418.9732250034
corn 18 2005 0.02212759373820255 42.98367266703897 10957.81029652979
corn 19 2005 0.02079609926146771 42.77311435994937 12369.96821999457
corn 20 2005 0.02545141863128477 44.30002874431352 8838.898908800089
corn 26 2005 0.02420538852621336 44.05139737813137 9570.833942586018
corn 27 2005 0.02241176251949731 43.15612924106878 11145.86812155752
corn 29 2005 0.02753999793164115 46.04573932035114 7727.735949087705
corn 31 2005 0.02159714306481684 42.94448034081428 11406.20082168169
corn 38 2005 0.02711951512098165 45.05633302718623 7973.278886845976
corn 39 2005 0.02372949963977174 43.6369703603472 9736.753547088623
corn 46 2005 0.02985936453744798 46.19044826463369 7460.858643674473
corn 55 2005 0.02347921279441428 43.82619732740856 10021.24456367011
soy 17 2005 0.02083212365616216 14.36466360433478 3525.530275073535
soy 18 2005 0.01854338429083804 13.7648444653113 3722.886384418479
soy 19 2005 0.01615262114826817 13.56895215700011 3966.345519456684
soy 20 2005 0.03045563393928772 15.21600733114805 2941.323111581401
soy 26 2005 0.02996262699740108 15.24681078471614 2884.899916203681
soy 27 2005 0.02581481665401171 14.6728103384518 3256.098219148351
soy 29 2005 0.03351945013489432 15.89078240294046 2705.690753952973
soy 31 2005 0.01689427370031339 13.61318848739575 3941.742184413555
soy 38 2005 0.03951089454057189 16.3410244365579 2456.823196295903
soy 39 2005 0.02228867867205711 14.22401464367899 3389.622571331643
soy 46 2005 0.05308936881259584 18.02344488867031 2256.140608892391
soy 55 2005 0.02532900474677274 14.6936518229645 3234.776009864176
grass 17 2005 0.03216090656868496 34.09069303288164 10576.74991244883
grass 18 2005 0.03205089567050106 29.02241701718805 11119.64427328318
grass 19 2005 0.03381185211043576 30.78657858639858 7889.662598173679
grass 20 2005 0.03521973300608705 29.52173250961566 7342.073715388316
grass 26 2005 0.03389014417686347 30.73726295498942 8657.608243170334
grass 27 2005 0.03425225130111497 29.71746962602404 7737.939480141895
grass 29 2005 0.03199304050982382 33.45163867672327 11071.21163721664
grass 31 2005 0.04098955068577442 31.13452653607609 4238.656504656081
grass 38 2005 0.04934517279185954 31.94701107727136 2670.982643963492
grass 39 2005 0.03220880717314153 29.07730836194482 10478.93612386979
grass 46 2005 0.04602356658234714 31.7923075637488 3321.637888863735
grass 55 2005 0.03358232541072592 30.89225082200819 8667.864844234567
grass_ML 17 2005 0.03216090656868496 34.09069303288164 10576.74991244883
grass_ML 18 2005 0.03205089567050106 29.02241701718805 11119.64427328318
grass_ML 19 2005 0.03381185211043576 30.78657858639858 7889.662598173679
grass_ML 20 2005 0.03521973300608705 29.52173250961566 7342.073715388316
grass_ML 26 2005 0.03389014417686347 30.73726295498942 8657.608243170334
grass_ML 27 2005 0.03425225130111497 29.71746962602404 7737.939480141895
grass_ML 29 2005 0.03199304050982382 33.45163867672327 11071.21163721664
grass_ML 31 2005 0.04098955068577442 31.13452653607609 4238.656504656081
grass_ML 38 2005 0.04934517279185954 31.94701107727136 2670.982643963492
grass_ML 39 2005 0.03220880717314153 29.07730836194482 10478.93612386979
grass_ML 46 2005 0.04602356658234714 31.7923075637488 3321.637888863735
grass_ML 55 2005 0.03358232541072592 30.89225082200819 8667.864844234567
algae 17 2005 0.09255607612929244 73.68593308273863 49313.45917345243
algae 18 2005 0.09591720921597882 68.62283847488911 47075.71769536377
algae 19 2005 0.09910514581395763 71.1101863295298 45193.62475578433
algae 20 2005 0.08634014120077917 66.6104574518576 53754.49349337739
algae 26 2005 0.1176672821752732 75.3803595759217 37138.68971848511
algae 27 2005 0.1245947771074068 75.25547785072169 34743.39522592304
algae 29 2005 0.08649700621677571 71.4412647418465 53578.34329307986
algae 31 2005 0.09518087086126824 69.37263945772561 47334.61302616344
algae 38 2005 0.1253655714138101 75.30548826790589 34029.299973266
algae 39 2005 0.1028945376773389 70.14127012043443 43138.55162374403
algae 46 2005 0.1072018792768736 71.86597451313776 41157.70643862201
algae 55 2005 0.1116811091927411 74.23762191138371 39311.97023035157
algae_ML 17 2005 0.09255607612929244 73.68593308273863 49313.45917345243
algae_ML 18 2005 0.09591720921597882 68.62283847488911 47075.71769536377
algae_ML 19 2005 0.09910514581395763 71.1101863295298 45193.62475578433
algae_ML 20 2005 0.08634014120077917 66.6104574518576 53754.49349337739
algae_ML 26 2005 0.1176672821752732 75.3803595759217 37138.68971848511
algae_ML 27 2005 0.1245947771074068 75.25547785072169 34743.39522592304
algae_ML 29 2005 0.08649700621677571 71.4412647418465 53578.34329307986
algae_ML 31 2005 0.09518087086126824 69.37263945772561 47334.61302616344
algae_ML 38 2005 0.1253655714138101 75.30548826790589 34029.299973266
algae_ML 39 2005 0.1028945376773389 70.14127012043443 43138.55162374403
algae_ML 46 2005 0.1072018792768736 71.86597451313776 41157.70643862201
algae_ML 55 2005 0.1116811091927411 74.23762191138371 39311.97023035157
corn 17 2006 0.02171919069931308 43.83360519583587 11395.54760768332
corn 18 2006 0.02199386629784271 42.93042168596553 11070.69536112561
corn 19 2006 0.02100983474932464 42.85774477020803 12039.03949398641
corn 20 2006 0.02834533214804555 45.45233578305299 7482.656529951902
corn 26 2006 0.02395772652952858 43.95237433502374 9681.331903109955
corn 27 2006 0.02353068942604742 43.60192960493699 10224.12258150718
corn 29 2006 0.02406605190326411 44.64931925203253 9448.021926938547
corn 31 2006 0.0218703247043888 43.05343082709825 11139.19997472017
corn 38 2006 0.03187579891582087 46.95148788767312 6426.325885418765
corn 39 2006 0.02243873658209884 43.1229249604774 10712.20949518083
corn 46 2006 0.03595938169172275 48.62334889905541 5969.662743116342
corn 55 2006 0.0241892498151134 44.10947371169742 9646.235703099648
soy 17 2006 0.01972841247899339 14.22958242367427 3633.158041056837
soy 18 2006 0.01855251315482932 13.76595663832084 3724.830354723184
soy 19 2006 0.01785644067505153 13.777671707521 3788.676473173228
soy 20 2006 0.03637007127862373 15.9365783410557 2724.947780926574
soy 26 2006 0.02863867697863234 15.08546249073463 3032.903741848926
soy 27 2006 0.02737566976469879 14.86314968326466 3170.525458625462
soy 29 2006 0.03612727488030926 16.20914068611386 2646.370392983973
soy 31 2006 0.01645128408129557 13.55860185549649 3962.616711424158
soy 38 2006 0.05949655754738663 18.77764579887176 1937.858141701399
soy 39 2006 0.02175798520457078 14.15934809806114 3441.821083699995
soy 46 2006 0.05186780945715774 17.87312985841465 2242.228066415668
soy 55 2006 0.02446395280817765 14.58863418639971 3263.636704778126
grass 17 2006 0.03311671978880506 34.23725621281906 8804.809723269791
grass 18 2006 0.03376737670796844 29.28562006554684 8089.758560415125
grass 19 2006 0.03278460310887259 30.62906154147388 9103.118025539561
grass 20 2006 0.03316989313024431 29.20741267976878 9794.049464939897
grass 26 2006 0.0356681605132 31.00990171072244 6690.543212103295
grass 27 2006 0.03575205985064196 29.94744837281419 6371.257919848385
grass 29 2006 0.03208192740154679 33.4652684691186 10839.07873102303
grass 31 2006 0.03427970271577205 30.10564696252149 8140.811649381726
grass 38 2006 0.03673882045758158 30.0139690526514 5825.762748960053
grass 39 2006 0.03349437323650942 29.27443542267353 8260.11389889935
grass 46 2006 0.03626378916497906 30.2957556943674 6297.498400321759
grass 55 2006 0.03473818371627038 31.06948866814998 7310.39653952447
grass_ML 17 2006 0.03311671978880506 34.23725621281906 8804.809723269791
grass_ML 18 2006 0.03376737670796844 29.28562006554684 8089.758560415125
grass_ML 19 2006 0.03278460310887259 30.62906154147388 9103.118025539561
grass_ML 20 2006 0.03316989313024431 29.20741267976878 9794.049464939897
grass_ML 26 2006 0.0356681605132 31.00990171072244 6690.543212103295
grass_ML 27 2006 0.03575205985064196 29.94744837281419 6371.257919848385
grass_ML 29 2006 0.03208192740154679 33.4652684691186 10839.07873102303
grass_ML 31 2006 0.03427970271577205 30.10564696252149 8140.811649381726
grass_ML 38 2006 0.03673882045758158 30.0139690526514 5825.762748960053
grass_ML 39 2006 0.03349437323650942 29.27443542267353 8260.11389889935
grass_ML 46 2006 0.03626378916497906 30.2957556943674 6297.498400321759
grass_ML 55 2006 0.03473818371627038 31.06948866814998 7310.39653952447
algae 17 2006 0.09967691216789384 75.65591908506995 45168.40967957458
algae 18 2006 0.1011937667271498 69.73842310213304 44106.5693449511
algae 19 2006 0.1053569032094563 72.57161922191985 42020.54944856434
algae 20 2006 0.08645756874297593 66.63543645124254 53690.82975741461
algae 26 2006 0.1226317267463103 76.51747578272591 35293.45181981482
algae 27 2006 0.1199621828746189 74.25337010344407 36023.14279594879
algae 29 2006 0.0900887207711441 72.44867089670072 50963.85564150988
algae 31 2006 0.09640880693768689 69.63845914641479 46606.24088111812
algae 38 2006 0.1156963713497731 73.22738684414428 37360.35661446178
algae 39 2006 0.1084742477153746 71.32351839029701 40506.88084405821
algae 46 2006 0.1065367448335053 71.71035791638046 41450.59558567303
algae 55 2006 0.116574008838517 75.41991484440538 37314.12977922327
algae_ML 17 2006 0.09967691216789384 75.65591908506995 45168.40967957458
algae_ML 18 2006 0.1011937667271498 69.73842310213304 44106.5693449511
algae_ML 19 2006 0.1053569032094563 72.57161922191985 42020.54944856434
algae_ML 20 2006 0.08645756874297593 66.63543645124254 53690.82975741461
algae_ML 26 2006 0.1226317267463103 76.51747578272591 35293.45181981482
algae_ML 27 2006 0.1199621828746189 74.25337010344407 36023.14279594879
algae_ML 29 2006 0.0900887207711441 72.44867089670072 50963.85564150988
algae_ML 31 2006 0.09640880693768689 69.63845914641479 46606.24088111812
algae_ML 38 2006 0.1156963713497731 73.22738684414428 37360.35661446178
algae_ML 39 2006 0.1084742477153746 71.32351839029701 40506.88084405821
algae_ML 46 2006 0.1065367448335053 71.71035791638046 41450.59558567303
algae_ML 55 2006 0.116574008838517 75.41991484440538 37314.12977922327
corn 17 2007 0.02129895739068358 43.66468688301794 11932.81675115116
corn 18 2007 0.0224547108206769 43.11393258279801 10688.39499114409
corn 19 2007 0.0208834337583093 42.80721324862017 12182.11117723889
corn 20 2007 0.02497481870742819 44.11025293659108 9010.825789005112
corn 26 2007 0.02862041125400391 45.81388239457986 7602.147188609695
corn 27 2007 0.02459297590704603 44.02516341306713 9473.954021919706
corn 29 2007 0.0238669146615473 44.56992946584058 9557.124337223227
corn 31 2007 0.02154765305839605 42.92484411853787 11455.23135794326
corn 38 2007 0.02904572646962953 45.82382522372438 7191.56355209096
corn 39 2007 0.02315974123120267 43.41007939002046 10089.01619070699
corn 46 2007 0.02957811781032604 46.07828710441987 7458.514002470463
corn 55 2007 0.02536659777373347 44.57962568678872 8949.837415685342
soy 17 2007 0.02555278842864969 14.95118537081656 3287.35872950166
soy 18 2007 0.02418080856793849 14.45165539892497 3326.195815105133
soy 19 2007 0.01691584020750142 13.66216564159196 3876.41887601133
soy 20 2007 0.03356571028970898 15.59490458093568 2811.339238994373
soy 26 2007 0.04557331958585264 17.15806496037473 2494.002908465734
soy 27 2007 0.03043964878204371 15.23678880341475 2961.637789360138
soy 29 2007 0.03450097309125497 16.01255085119672 2670.172775859294
soy 31 2007 0.01668398112734461 13.58715485785958 3933.809199207834
soy 38 2007 0.04023495585377018 16.42917727937796 2427.188872259635
soy 39 2007 0.02252290229479101 14.25254344099227 3403.57869793727
soy 46 2007 0.04191004279745129 16.65893959298534 2771.711119770165
soy 55 2007 0.03223947849841796 15.53907143554535 2882.987690846133
grass 17 2007 0.03223331403946104 34.101795909289 10458.7234673543
grass 18 2007 0.0324511690850297 29.08379444806427 10214.8678060108
grass 19 2007 0.03253274763870941 30.59044234816734 9499.692140570989
grass 20 2007 0.03429170553340263 29.37942996035087 9081.625668892644
grass 26 2007 0.03451986214131379 30.83382310905934 7831.153020803871
grass 27 2007 0.03470631693362276 29.78709546450471 7252.128236891896
grass 29 2007 0.03173399974189667 33.41191771001044 11693.32671391667
grass 31 2007 0.03512906273725701 30.23588674711484 7655.890378579707
grass 38 2007 0.04016295455256055 30.53902142099786 4187.77644605344
grass 39 2007 0.03259763618986602 29.13693091397102 9722.64215102437
grass 46 2007 0.03481153877052509 30.07306946406028 7043.831839271606
grass 55 2007 0.03400813674117959 30.95754419713865 8056.597243389771
grass_ML 17 2007 0.03223331403946104 34.101795909289 10458.7234673543
grass_ML 18 2007 0.0324511690850297 29.08379444806427 10214.8678060108
grass_ML 19 2007 0.03253274763870941 30.59044234816734 9499.692140570989
grass_ML 20 2007 0.03429170553340263 29.37942996035087 9081.625668892644
grass_ML 26 2007 0.03451986214131379 30.83382310905934 7831.153020803871
grass_ML 27 2007 0.03470631693362276 29.78709546450471 7252.128236891896
grass_ML 29 2007 0.03173399974189667 33.41191771001044 11693.32671391667
grass_ML 31 2007 0.03512906273725701 30.23588674711484 7655.890378579707
grass_ML 38 2007 0.04016295455256055 30.53902142099786 4187.77644605344
grass_ML 39 2007 0.03259763618986602 29.13693091397102 9722.64215102437
grass_ML 46 2007 0.03481153877052509 30.07306946406028 7043.831839271606
grass_ML 55 2007 0.03400813674117959 30.95754419713865 8056.597243389771
algae 17 2007 0.09164923484721253 73.42154749020656 50022.56862217229
algae 18 2007 0.0922585769971894 67.84932014018949 49424.04834037311
algae 19 2007 0.09900076126205112 71.09481937946644 45257.92426038787
algae 20 2007 0.08786393259364379 66.9327762591645 52569.06787298613
algae 26 2007 0.1155731988977637 74.90130172499134 37962.2855658622
algae 27 2007 0.1227779811242796 74.8624744271124 35347.30896270612
algae 29 2007 0.08728396562674551 71.64277651137883 52982.10083378346
algae 31 2007 0.09579254434083 69.50301720788174 46952.22269981252
algae 38 2007 0.1219046548153952 74.56676623631584 35187.85158079417
algae 39 2007 0.09957312547410661 69.4376156870621 44954.94348000424
algae 46 2007 0.1060531547447104 71.60732630329487 41675.14651378478
algae 55 2007 0.112847826400185 74.53037760222347 38799.40097500665
algae_ML 17 2007 0.09164923484721253 73.42154749020656 50022.56862217229
algae_ML 18 2007 0.0922585769971894 67.84932014018949 49424.04834037311
algae_ML 19 2007 0.09900076126205112 71.09481937946644 45257.92426038787
algae_ML 20 2007 0.08786393259364379 66.9327762591645 52569.06787298613
algae_ML 26 2007 0.1155731988977637 74.90130172499134 37962.2855658622
algae_ML 27 2007 0.1227779811242796 74.8624744271124 35347.30896270612
algae_ML 29 2007 0.08728396562674551 71.64277651137883 52982.10083378346
algae_ML 31 2007 0.09579254434083 69.50301720788174 46952.22269981252
algae_ML 38 2007 0.1219046548153952 74.56676623631584 35187.85158079417
algae_ML 39 2007 0.09957312547410661 69.4376156870621 44954.94348000424
algae_ML 46 2007 0.1060531547447104 71.60732630329487 41675.14651378478
algae_ML 55 2007 0.112847826400185 74.53037760222347 38799.40097500665
corn 17 2008 0.0209666980713809 43.53073168306723 12181.56054364248
corn 18 2008 0.02245792564148976 43.11521272872116 10701.57320214918
corn 19 2008 0.02124266310052299 42.95109949403465 11849.75844709516
corn 20 2008 0.025383393514186 44.27293431722067 8822.120394506317
corn 26 2008 0.02650356503087508 44.96910672587202 8562.82490709739
corn 27 2008 0.02318026134815446 43.46231284622817 10393.8560351729
corn 29 2008 0.0235467024043579 44.44095066687526 9788.252614537629
corn 31 2008 0.02151470325523698 42.91179347686413 11503.06358054933
corn 38 2008 0.02972654370072775 46.09495165940758 7137.532984131759
corn 39 2008 0.02450260033289005 43.94488279866626 9080.476768564964
corn 46 2008 0.02677541520011619 44.96041982564387 8241.272410447413
corn 55 2008 0.02465825276529184 44.29736675492254 9141.437443637507
soy 17 2008 0.02125454725047263 14.41705304086808 3482.944942323811
soy 18 2008 0.02417061149166926 14.4504130787226 3268.624848692488
soy 19 2008 0.02246404717263266 14.34188170123958 3406.210470315515
soy 20 2008 0.03068052312041754 15.24339694359319 2873.857725916493
soy 26 2008 0.03377190199379999 15.71272432449691 2698.943291188948
soy 27 2008 0.03405456152342876 15.67761192356667 2730.136225327609
soy 29 2008 0.03122958209039577 15.60737058384682 2828.424554061965
soy 31 2008 0.01837055713503106 13.79258473111649 3756.116209845839
soy 38 2008 0.05784126847491396 18.57616568920049 1904.099108933735
soy 39 2008 0.03112547570009268 15.30076065332847 2804.721697698035
soy 46 2008 0.04148249556618422 16.60480829861503 2411.417571592103
soy 55 2008 0.03672889854430698 16.08901539462765 2582.975958570455
grass 17 2008 0.0320057344226131 34.0668991213311 11071.21018312377
grass 18 2008 0.03270987738204139 29.12346443364708 9988.561941483797
grass 19 2008 0.03259629939154882 30.60018727866693 9464.47276126824
grass 20 2008 0.03560887905479538 29.58140367137172 7617.956851331184
grass 26 2008 0.03524790264084138 30.94545989453786 7111.692131876131
grass 27 2008 0.03612629864279789 30.00483367157252 5980.07418005712
grass 29 2008 0.03166452686744634 33.40126482932016 11900.7076940165
grass 31 2008 0.03605337463153364 30.37761956664421 5908.445237561401
grass 38 2008 0.04017460280217022 30.54080752462731 4289.600748604233
grass 39 2008 0.03259890021408487 29.13712473209875 9756.100707136364
grass 46 2008 0.03751046184841277 30.48691889638954 5148.189015860339
grass 55 2008 0.03478573697854681 31.0767804272249 7246.907481002778
grass_ML 17 2008 0.0320057344226131 34.0668991213311 11071.21018312377
grass_ML 18 2008 0.03270987738204139 29.12346443364708 9988.561941483797
grass_ML 19 2008 0.03259629939154882 30.60018727866693 9464.47276126824
grass_ML 20 2008 0.03560887905479538 29.58140367137172 7617.956851331184
grass_ML 26 2008 0.03524790264084138 30.94545989453786 7111.692131876131
grass_ML 27 2008 0.03612629864279789 30.00483367157252 5980.07418005712
grass_ML 29 2008 0.03166452686744634 33.40126482932016 11900.7076940165
grass_ML 31 2008 0.03605337463153364 30.37761956664421 5908.445237561401
grass_ML 38 2008 0.04017460280217022 30.54080752462731 4289.600748604233
grass_ML 39 2008 0.03259890021408487 29.13712473209875 9756.100707136364
grass_ML 46 2008 0.03751046184841277 30.48691889638954 5148.189015860339
grass_ML 55 2008 0.03478573697854681 31.0767804272249 7246.907481002778
algae 17 2008 0.1024174280505725 76.46021792606388 43562.91403143985
algae 18 2008 0.1007193134854803 69.63811287950902 44338.44351990065
algae 19 2008 0.1109558657462087 73.87665973716948 39440.06116968464
algae 20 2008 0.09413462587128399 68.25971133969396 48293.49042787025
algae 26 2008 0.1254821726449948 77.19294078348373 34479.17386180218
algae 27 2008 0.133273873160199 77.13291198666154 32004.15550082608
algae 29 2008 0.09757872614858422 74.47871079303873 46198.93318321181
algae 31 2008 0.1034597946932058 71.20555002275624 42750.06689167206
algae 38 2008 0.1285715761641249 75.99809511558598 33004.56978965177
algae 39 2008 0.1068019067716687 70.96920934213735 41280.80697277699
algae 46 2008 0.1164244196036973 73.89184954369641 37270.68129448257
algae 55 2008 0.1241249654891389 77.16252244526757 34685.30353230836
algae_ML 17 2008 0.1024174280505725 76.46021792606388 43562.91403143985
algae_ML 18 2008 0.1007193134854803 69.63811287950902 44338.44351990065
algae_ML 19 2008 0.1109558657462087 73.87665973716948 39440.06116968464
algae_ML 20 2008 0.09413462587128399 68.25971133969396 48293.49042787025
algae_ML 26 2008 0.1254821726449948 77.19294078348373 34479.17386180218
algae_ML 27 2008 0.133273873160199 77.13291198666154 32004.15550082608
algae_ML 29 2008 0.09757872614858422 74.47871079303873 46198.93318321181
algae_ML 31 2008 0.1034597946932058 71.20555002275624 42750.06689167206
algae_ML 38 2008 0.1285715761641249 75.99809511558598 33004.56978965177
algae_ML 39 2008 0.1068019067716687 70.96920934213735 41280.80697277699
algae_ML 46 2008 0.1164244196036973 73.89184954369641 37270.68129448257
algae_ML 55 2008 0.1241249654891389 77.16252244526757 34685.30353230836
corn 17 2009 0.02127229085938084 43.65310016362366 11808.56203347266
corn 18 2009 0.02139890017851371 42.69350276782325 11667.51522908197
corn 19 2009 0.02070284986672493 42.73562016656903 12427.30852025975
corn 20 2009 0.02352208389957165 43.53179741995532 10024.7540408048
corn 26 2009 0.02539768358216457 44.52770126923342 9037.69255758644
corn 27 2009 0.02290952937341907 43.35444840586059 10720.46066213105
corn 29 2009 0.02295250985992088 44.20293223585809 10215.89634973617
corn 31 2009 0.0208726292641584 42.65579010446763 12253.68862230859
corn 38 2009 0.02851483724082211 45.61239774434913 7204.302422180973
corn 39 2009 0.02159899027179207 42.78849833446831 11454.75063778311
corn 46 2009 0.02576023735542134 44.55607131778604 9019.759334217204
corn 55 2009 0.02343054890040994 43.80705229466306 10006.51511055031
soy 17 2009 0.0219791735700527 14.50696496002104 3432.43037672366
soy 18 2009 0.02062130957436357 14.01799940020511 3538.704644894571
soy 19 2009 0.01847173721438807 13.85241758271875 3724.802964838577
soy 20 2009 0.0216260342846023 14.14028348159438 3521.795725776459
soy 26 2009 0.03223717232892326 15.52530365450006 2783.492836802459
soy 27 2009 0.03170391359233563 15.39096048282427 2873.987332055836
soy 29 2009 0.02773160154248364 15.177508385675 3022.327307508916
soy 31 2009 0.01612008416876521 13.51854291755193 4015.460145298865
soy 38 2009 0.04681527886855202 17.23185933558704 2160.504766569045
soy 39 2009 0.02049510698382852 14.00548065575688 3539.340776916672
soy 46 2009 0.03184179678393383 15.4280916964505 2951.566578367725
soy 55 2009 0.03148955844027523 15.44837465966694 2832.658473979418
grass 17 2009 0.03179572192573167 34.03469606857824 11488.06303088415
grass 18 2009 0.03245082086603746 29.08374105809984 10486.52494125154
grass 19 2009 0.03203296080059086 30.51380565944559 10517.15120990853
grass 20 2009 0.03540018477726263 29.54940275335134 7848.873791256882
grass 26 2009 0.03375774964723008 30.71696172671234 8933.444706264308
grass 27 2009 0.03473657152083295 29.79173468113719 7267.365589515873
grass 29 2009 0.03158390745993312 33.38890275797858 12186.75020927244
grass 31 2009 0.03522423478122324 30.2504803160633 6555.761721401663
grass 38 2009 0.03867733192448445 30.31121793088952 4631.812022994974
grass 39 2009 0.03200997947431913 29.04682036994955 11013.85705504854
grass 46 2009 0.0357599318721507 30.21849486382328 6425.810438063272
grass 55 2009 0.03307865188217216 30.8150181712451 9466.60638568276
grass_ML 17 2009 0.03179572192573167 34.03469606857824 11488.06303088415
grass_ML 18 2009 0.03245082086603746 29.08374105809984 10486.52494125154
grass_ML 19 2009 0.03203296080059086 30.51380565944559 10517.15120990853
grass_ML 20 2009 0.03540018477726263 29.54940275335134 7848.873791256882
grass_ML 26 2009 0.03375774964723008 30.71696172671234 8933.444706264308
grass_ML 27 2009 0.03473657152083295 29.79173468113719 7267.365589515873
grass_ML 29 2009 0.03158390745993312 33.38890275797858 12186.75020927244
grass_ML 31 2009 0.03522423478122324 30.2504803160633 6555.761721401663
grass_ML 38 2009 0.03867733192448445 30.31121793088952 4631.812022994974
grass_ML 39 2009 0.03200997947431913 29.04682036994955 11013.85705504854
grass_ML 46 2009 0.0357599318721507 30.21849486382328 6425.810438063272
grass_ML 55 2009 0.03307865188217216 30.8150181712451 9466.60638568276
algae 17 2009 0.1093682047870362 78.35195489076511 40417.4957886629
algae 18 2009 0.1090617226364681 71.40188852924872 40321.20740714076
algae 19 2009 0.1173557176243029 75.34134977969428 36965.20009753916
algae 20 2009 0.09718017185287477 68.90415565525547 46432.88979163082
algae 26 2009 0.1376384410977171 79.99496441544053 30942.56950140852
algae 27 2009 0.1435322927762165 79.35198003662316 29448.14130048904
algae 29 2009 0.1012420604075775 75.47150221007838 44124.84382321455
algae 31 2009 0.1085926593521421 72.34386168058323 40337.53427119356
algae 38 2009 0.1387375137635763 78.19318131715816 30257.13153191948
algae 39 2009 0.1148182285088164 72.66772332875708 37845.83543855407
algae 46 2009 0.1216399648773551 75.03929736003151 35414.0463364418
algae 55 2009 0.1321151062277795 79.03256726240559 32230.68492083737
algae_ML 17 2009 0.1093682047870362 78.35195489076511 40417.4957886629
algae_ML 18 2009 0.1090617226364681 71.40188852924872 40321.20740714076
algae_ML 19 2009 0.1173557176243029 75.34134977969428 36965.20009753916
algae_ML 20 2009 0.09718017185287477 68.90415565525547 46432.88979163082
algae_ML 26 2009 0.1376384410977171 79.99496441544053 30942.56950140852
algae_ML 27 2009 0.1435322927762165 79.35198003662316 29448.14130048904
algae_ML 29 2009 0.1012420604075775 75.47150221007838 44124.84382321455
algae_ML 31 2009 0.1085926593521421 72.34386168058323 40337.53427119356
algae_ML 38 2009 0.1387375137635763 78.19318131715816 30257.13153191948
algae_ML 39 2009 0.1148182285088164 72.66772332875708 37845.83543855407
algae_ML 46 2009 0.1216399648773551 75.03929736003151 35414.0463364418
algae_ML 55 2009 0.1321151062277795 79.03256726240559 32230.68492083737
corn 17 2010 0.02245165577399808 44.12798353398741 10666.04654525405
corn 18 2010 0.02260587850278145 43.17412841115711 10543.34144182048
corn 19 2010 0.02260686116437927 43.49832341130772 10888.92526078391
corn 20 2010 0.02681861395780652 44.84441627359472 8002.661715707151
corn 26 2010 0.02369909637480307 43.84915750634121 9809.619972362842
corn 27 2010 0.02236027793004014 43.13561686817366 11071.97957971711
corn 29 2010 0.02610237583408707 45.4677155536552 8259.617636539557
corn 31 2010 0.02167628952660018 42.97629731422058 11367.81626583987
corn 38 2010 0.02690955575576877 44.9728367128916 7939.860102978865
corn 39 2010 0.02241483601024945 43.11341486437212 10672.6374796789
corn 46 2010 0.0279003069101466 45.40935569179251 7925.150912521399
corn 55 2010 0.02264557069095859 43.49394745042005 10575.84941690853
soy 17 2010 0.01943056279556768 14.19299880144101 3683.70863170068
soy 18 2010 0.02205554184057838 14.19273281155343 3441.502372391396
soy 19 2010 0.01872461448134672 13.88391332364249 3703.540854291589
soy 20 2010 0.03602888256986389 15.89499929633354 2656.703390062796
soy 26 2010 0.02614717577685127 14.78034785984093 3136.40740694506
soy 27 2010 0.0261387274724872 14.71230987302278 3198.626795130369
soy 29 2010 0.03032248477083585 15.49551751464732 2890.778370943051
soy 31 2010 0.01763619139699209 13.70381548105591 3876.094847832005
soy 38 2010 0.04279485382449408 16.74152294092528 2315.857110315587
soy 39 2010 0.02123215843990395 14.09529730050801 3479.363758133194
soy 46 2010 0.04446448862863613 16.96983599581879 2512.968743155386
soy 55 2010 0.02029278978257202 14.07869254545546 3576.047116201583
grass 17 2010 0.03203989537459728 34.07213731872086 10954.51589029483
grass 18 2010 0.0327956277977647 29.13661330886708 9650.445206651235
grass 19 2010 0.03333713957560457 30.71378677126906 8635.79102524046
grass 20 2010 0.04412637629752265 30.88746587845559 4479.733717487612
grass 26 2010 0.03395152287475339 30.74667467408333 8622.308730588264
grass 27 2010 0.03389217635620635 29.66225620218358 8387.595371822592
grass 29 2010 0.03241146773285984 33.51579977361324 10315.29518633393
grass 31 2010 0.03775496253144613 30.6385389125828 4818.371182713767
grass 38 2010 0.03658785609328981 29.99082035450876 5703.260833254497
grass 39 2010 0.03220344096271948 29.07648550444021 10534.85453074751
grass 46 2010 0.03630992035810614 30.30282942459718 5884.993939155865
grass 55 2010 0.03337211844546229 30.8600179553921 8970.477979247575
grass_ML 17 2010 0.03203989537459728 34.07213731872086 10954.51589029483
grass_ML 18 2010 0.0327956277977647 29.13661330886708 9650.445206651235
grass_ML 19 2010 0.03333713957560457 30.71378677126906 8635.79102524046
grass_ML 20 2010 0.04412637629752265 30.88746587845559 4479.733717487612
grass_ML 26 2010 0.03395152287475339 30.74667467408333 8622.308730588264
grass_ML 27 2010 0.03389217635620635 29.66225620218358 8387.595371822592
grass_ML 29 2010 0.03241146773285984 33.51579977361324 10315.29518633393
grass_ML 31 2010 0.03775496253144613 30.6385389125828 4818.371182713767
grass_ML 38 2010 0.03658785609328981 29.99082035450876 5703.260833254497
grass_ML 39 2010 0.03220344096271948 29.07648550444021 10534.85453074751
grass_ML 46 2010 0.03630992035810614 30.30282942459718 5884.993939155865
grass_ML 55 2010 0.03337211844546229 30.8600179553921 8970.477979247575
algae 17 2010 0.09200096036199985 73.53490778715178 49693.2024487888
algae 18 2010 0.09185191043236246 67.76334155494598 49676.8652360346
algae 19 2010 0.1005619462467852 71.45578363755808 44370.05264504541
algae 20 2010 0.08804355466807799 66.97086704374038 52437.98862748246
algae 26 2010 0.1172360487118048 75.28697099202385 37353.53952186499
algae 27 2010 0.1227420650285358 74.85470524133389 35264.98814684801
algae 29 2010 0.08794714374524296 71.83562623888398 52500.80901542005
algae 31 2010 0.09753542051972235 69.8965265062714 45943.58083381789
algae 38 2010 0.12415435693848 75.04205730299049 34383.39178204057
algae 39 2010 0.09777837758196516 69.05743571580042 45961.85153270483
algae 46 2010 0.1103510347125323 72.56049676122171 39720.75375717428
algae 55 2010 0.1132721465563364 74.62221946149421 38649.87474817162
algae_ML 17 2010 0.09200096036199985 73.53490778715178 49693.2024487888
algae_ML 18 2010 0.09185191043236246 67.76334155494598 49676.8652360346
algae_ML 19 2010 0.1005619462467852 71.45578363755808 44370.05264504541
algae_ML 20 2010 0.08804355466807799 66.97086704374038 52437.98862748246
algae_ML 26 2010 0.1172360487118048 75.28697099202385 37353.53952186499
algae_ML 27 2010 0.1227420650285358 74.85470524133389 35264.98814684801
algae_ML 29 2010 0.08794714374524296 71.83562623888398 52500.80901542005
algae_ML 31 2010 0.09753542051972235 69.8965265062714 45943.58083381789
algae_ML 38 2010 0.12415435693848 75.04205730299049 34383.39178204057
algae_ML 39 2010 0.09777837758196516 69.05743571580042 45961.85153270483
algae_ML 46 2010 0.1103510347125323 72.56049676122171 39720.75375717428
algae_ML 55 2010 0.1132721465563364 74.62221946149421 38649.87474817162
corn 17 2011 0.02269235771361476 44.22493925452495 10506.52535422623
corn 18 2011 0.02373214276957101 43.62261320975852 9675.772485109184
corn 19 2011 0.02174135714040515 43.15139453209402 11413.83930231819
corn 20 2011 0.03260330472581509 47.14778139472828 6721.860003756646
corn 26 2011 0.02534793153333353 44.50787809254052 9146.879564328243
corn 27 2011 0.02419842576979875 43.86796763475372 9690.934707376839
corn 29 2011 0.0294962416708913 46.82655570933055 7234.921614568973
corn 31 2011 0.02226087187374924 43.20957385120224 10860.44480115772
corn 38 2011 0.02940098811885802 45.96541011602407 6854.650839444494
corn 39 2011 0.02299606671090159 43.34489483330764 10163.71169998132
corn 46 2011 0.0273303370443373 45.18180941469612 7965.471075863376
corn 55 2011 0.02332269767777372 43.76426957438876 10032.23743915863
soy 17 2011 0.02214304023224313 14.5293929196055 3478.391003851096
soy 18 2011 0.02484350925857179 14.53239263420273 3218.197470260668
soy 19 2011 0.01884267952763951 13.89893671662734 3708.196742744079
soy 20 2011 0.05455598895919408 18.15215343222923 2223.766422113247
soy 26 2011 0.03011931146370327 15.26641098094421 2935.690489620853
soy 27 2011 0.03305916898875132 15.55622807886479 2773.247731870756
soy 29 2011 0.04153124601524254 16.87572223267455 2448.401226629447
soy 31 2011 0.01721386960579084 13.65212184431404 3892.586385115414
soy 38 2011 0.04867407524685474 17.45855571165245 2099.598882828564
soy 39 2011 0.02173945989601447 14.15709565331783 3430.3710466913
soy 46 2011 0.03762950080493172 16.13438510847542 2569.322624945896
soy 55 2011 0.02434184882798721 14.57375139755444 3261.666294407979
grass 17 2011 0.03557211211155187 34.61376294133928 6343.967674281204
grass 18 2011 0.03572323752847786 29.58552925057444 6499.076885419059
grass 19 2011 0.04025557201830102 31.77465041068284 3960.747489866583
grass 20 2011 0.04555621850402428 31.10671606149641 3601.846222408566
grass 26 2011 0.03549392063692539 30.9831839767117 6731.517883624879
grass 27 2011 0.03632692564678994 30.03559755370754 6388.411053499399
grass 29 2011 0.03495106130410904 33.90521783223242 7087.668533606316
grass 31 2011 0.05398387929203019 33.12706040286946 2035.065719139851
grass 38 2011 0.04923888117406736 31.93071246225755 2316.658348520106
grass 39 2011 0.03362129787729651 29.29389788513843 8182.839938736833
grass 46 2011 0.04347067072538009 31.40084975923696 3223.435831390587
grass 55 2011 0.03516221163780774 31.13450857561617 6870.566397699691
grass_ML 17 2011 0.03557211211155187 34.61376294133928 6343.967674281204
grass_ML 18 2011 0.03572323752847786 29.58552925057444 6499.076885419059
grass_ML 19 2011 0.04025557201830102 31.77465041068284 3960.747489866583
grass_ML 20 2011 0.04555621850402428 31.10671606149641 3601.846222408566
grass_ML 26 2011 0.03549392063692539 30.9831839767117 6731.517883624879
grass_ML 27 2011 0.03632692564678994 30.03559755370754 6388.411053499399
grass_ML 29 2011 0.03495106130410904 33.90521783223242 7087.668533606316
grass_ML 31 2011 0.05398387929203019 33.12706040286946 2035.065719139851
grass_ML 38 2011 0.04923888117406736 31.93071246225755 2316.658348520106
grass_ML 39 2011 0.03362129787729651 29.29389788513843 8182.839938736833
grass_ML 46 2011 0.04347067072538009 31.40084975923696 3223.435831390587
grass_ML 55 2011 0.03516221163780774 31.13450857561617 6870.566397699691
algae 17 2011 0.09924970042423377 75.54206350792704 45359.85231729539
algae 18 2011 0.1011571600402308 69.73068359277835 44123.72574756734
algae 19 2011 0.1062847016179263 72.7704633736651 41578.94252372153
algae 20 2011 0.08773313840029198 66.90531056086557 52738.06674759124
algae 26 2011 0.1273425161825981 77.61778597461249 33850.90797570768
algae 27 2011 0.1301814679464834 76.46397289268405 32872.92190840644
algae 29 2011 0.09134553855235455 72.78304598744458 50056.15138100432
algae 31 2011 0.1005258125129931 70.55303664287563 44305.59910701054
algae 38 2011 0.12755000184775 75.77592511430827 33306.54792722765
algae 39 2011 0.1087957076566531 71.39166828312058 40349.44967737109
algae 46 2011 0.1139295474856527 73.34700103830224 38242.06425951072
algae 55 2011 0.1228604233091445 76.86708227297122 35101.0684205214
algae_ML 17 2011 0.09924970042423377 75.54206350792704 45359.85231729539
algae_ML 18 2011 0.1011571600402308 69.73068359277835 44123.72574756734
algae_ML 19 2011 0.1062847016179263 72.7704633736651 41578.94252372153
algae_ML 20 2011 0.08773313840029198 66.90531056086557 52738.06674759124
algae_ML 26 2011 0.1273425161825981 77.61778597461249 33850.90797570768
algae_ML 27 2011 0.1301814679464834 76.46397289268405 32872.92190840644
algae_ML 29 2011 0.09134553855235455 72.78304598744458 50056.15138100432
algae_ML 31 2011 0.1005258125129931 70.55303664287563 44305.59910701054
algae_ML 38 2011 0.12755000184775 75.77592511430827 33306.54792722765
algae_ML 39 2011 0.1087957076566531 71.39166828312058 40349.44967737109
algae_ML 46 2011 0.1139295474856527 73.34700103830224 38242.06425951072
algae_ML 55 2011 0.1228604233091445 76.86708227297122 35101.0684205214
corn 17 2012 0.03144206488775945 47.7451875067493 6866.696765139156
corn 18 2012 0.03053993720864014 46.33351562958273 6619.754106332173
corn 19 2012 0.02479370012796224 44.37063772762362 9119.140360484722
corn 20 2012 0.03406105040097312 47.72823811406267 6012.257630474294
corn 26 2012 0.02611969129571696 44.81521422418263 8448.345381496301
corn 27 2012 0.02306885218645249 43.41792546657713 10381.65606051737
corn 29 2012 0.03709679746653131 49.8821819566018 5144.215511949605
corn 31 2012 0.02376968539743862 43.81103940816426 9685.721094278035
corn 38 2012 0.0293923898173493 45.96191043130328 7091.891512614862
corn 39 2012 0.02608454977592579 44.574923222921 8173.23385883636
corn 46 2012 0.03559080654106955 48.47544518570623 5884.719268675795
corn 55 2012 0.02593945525844276 44.81026289439626 8337.445586216121
soy 17 2012 0.02749086015858104 15.18975802697839 3089.910308501962
soy 18 2012 0.02683778065385967 14.77535597563898 3100.523782722144
soy 19 2012 0.02446555025068757 14.58631397283947 3252.040823335093
soy 20 2012 0.05765355763895906 18.52955512607332 2054.409724950763
soy 26 2012 0.0300042136668279 15.25210673007961 2922.915432048261
soy 27 2012 0.02804173101220367 14.94437301312805 3046.924905191383
soy 29 2012 0.05054784725366766 17.98840532652923 2093.827181159611
soy 31 2012 0.02299230100924346 14.35649650366259 3399.952067148763
soy 38 2012 0.04225588397650897 16.67579564139434 2331.887099062013
soy 39 2012 0.02548889469105078 14.613932091525 3160.966467859898
soy 46 2012 0.06182745781207696 19.08848068691496 1903.136290695041
soy 55 2012 0.02758379039059125 14.97137717258341 3036.304204228575
grass 17 2012 0.03229371359872738 34.11105747628178 10470.50992470236
grass 18 2012 0.03261973143563662 29.10964157256452 10311.91216792978
grass 19 2012 0.0335671277082728 30.74905285658973 8250.151966595398
grass 20 2012 0.03995263408445551 30.24746955867818 5301.146905943123
grass 26 2012 0.03474087823334612 30.86771342379983 7624.932913859849
grass 27 2012 0.03590282872114255 29.97056706907779 6475.362407963644
grass 29 2012 0.03221157323644597 33.48514822631354 10912.02729358269
grass 31 2012 0.04524005728190131 31.7862938308303 3286.312284648355
grass 38 2012 0.04001449642011623 30.51625703140617 4149.360561465608
grass 39 2012 0.03209227079236223 29.0594388163794 10766.01896246832
grass 46 2012 0.03936197217578649 30.7708271338037 4359.29961342855
grass 55 2012 0.03382634182592623 30.92966799149541 8304.229795338624
grass_ML 17 2012 0.03229371359872738 34.11105747628178 10470.50992470236
grass_ML 18 2012 0.03261973143563662 29.10964157256452 10311.91216792978
grass_ML 19 2012 0.0335671277082728 30.74905285658973 8250.151966595398
grass_ML 20 2012 0.03995263408445551 30.24746955867818 5301.146905943123
grass_ML 26 2012 0.03474087823334612 30.86771342379983 7624.932913859849
grass_ML 27 2012 0.03590282872114255 29.97056706907779 6475.362407963644
grass_ML 29 2012 0.03221157323644597 33.48514822631354 10912.02729358269
grass_ML 31 2012 0.04524005728190131 31.7862938308303 3286.312284648355
grass_ML 38 2012 0.04001449642011623 30.51625703140617 4149.360561465608
grass_ML 39 2012 0.03209227079236223 29.0594388163794 10766.01896246832
grass_ML 46 2012 0.03936197217578649 30.7708271338037 4359.29961342855
grass_ML 55 2012 0.03382634182592623 30.92966799149541 8304.229795338624
algae 17 2012 0.08683839574255604 72.10371836192378 53347.89726879498
algae 18 2012 0.08788896396033213 66.92548425092511 52460.86306693118
algae 19 2012 0.09190093166493742 69.45585101450808 49577.7293213921
algae 20 2012 0.08060562829141743 65.3971111791521 58635.99982515575
algae 26 2012 0.10749568349795 73.03322341563741 41412.75396031792
algae 27 2012 0.113819117185893 72.92452203176316 38600.45729719364
algae 29 2012 0.08222798710261277 70.28608481378993 57075.02246325903
algae 31 2012 0.08710190245326761 67.58175709107225 52856.63249378482
algae 38 2012 0.1160147253509795 73.29047729589702 37282.23277342085
algae 39 2012 0.0940869360778586 68.27484383706934 48124.74023132429
algae 46 2012 0.09856791412990824 69.96350896391525 45578.19501442881
algae 55 2012 0.1038306612383871 72.41243861064149 42896.49004495967
algae_ML 17 2012 0.08683839574255604 72.10371836192378 53347.89726879498
algae_ML 18 2012 0.08788896396033213 66.92548425092511 52460.86306693118
algae_ML 19 2012 0.09190093166493742 69.45585101450808 49577.7293213921
algae_ML 20 2012 0.08060562829141743 65.3971111791521 58635.99982515575
algae_ML 26 2012 0.10749568349795 73.03322341563741 41412.75396031792
algae_ML 27 2012 0.113819117185893 72.92452203176316 38600.45729719364
algae_ML 29 2012 0.08222798710261277 70.28608481378993 57075.02246325903
algae_ML 31 2012 0.08710190245326761 67.58175709107225 52856.63249378482
algae_ML 38 2012 0.1160147253509795 73.29047729589702 37282.23277342085
algae_ML 39 2012 0.0940869360778586 68.27484383706934 48124.74023132429
algae_ML 46 2012 0.09856791412990824 69.96350896391525 45578.19501442881
algae_ML 55 2012 0.1038306612383871 72.41243861064149 42896.49004495967
corn 17 2013 0.0213161360413398 43.67105906565858 11733.0399788272
corn 18 2013 0.02142073248969399 42.70219654904213 11649.1744838953
corn 19 2013 0.02217901237208076 43.32507230384279 10885.8787578247
corn 20 2013 0.02749934386457569 45.11547295843776 7961.07864197635
corn 26 2013 0.0253128208312774 44.49351142905913 8974.60578072344
corn 27 2013 0.02365787203422768 43.65260141784662 9889.32996500074
corn 29 2013 0.0251506400353806 45.08417888931983 8840.809718022852
corn 31 2013 0.02230638521243396 43.22784988487361 10914.31937970584
corn 38 2013 0.02789303090367285 45.36505665296379 7292.77682856633
corn 39 2013 0.02202964463921975 42.96000063665409 11055.75692014895
corn 46 2013 0.02725863848521165 45.15334620071822 8083.992149765416
corn 55 2013 0.02446171120093266 44.21873655169793 9328.020214927823
soy 17 2013 0.02056484530675968 14.33307484551721 3559.231123845013
soy 18 2013 0.01968763176320924 13.90424884900141 3614.508567483323
soy 19 2013 0.02465339765554041 14.60986934788379 3232.535839779509
soy 20 2013 0.03203218842769186 15.40807638785468 2867.755489592406
soy 26 2013 0.03005921007775873 15.25878704870905 2896.583032294266
soy 27 2013 0.03336836646767642 15.59393337631225 2783.681028713538
soy 29 2013 0.03693558551234991 16.31279145626807 2553.937283772798
soy 31 2013 0.01816303627674948 13.76781241914221 3771.866715749187
soy 38 2013 0.04711185465366997 17.26791515539466 2174.774294997798
soy 39 2013 0.02116132384528219 14.08665833305761 3480.303365038443
soy 46 2013 0.03322399331098154 15.59651231081888 2780.57317134829
soy 55 2013 0.03581845215513169 15.97680820514927 2697.102536627457
grass 17 2013 0.03286458960952068 34.19859488275073 9233.606838976264
grass 18 2013 0.03285287373860636 29.14539134750062 9591.329650063271
grass 19 2013 0.03327380969012442 30.70407586568725 8397.538830121914
grass 20 2013 0.0353030695323889 29.53451123325746 7702.127098970998
grass 26 2013 0.03576474038798948 31.02471114752943 6600.25692513041
grass 27 2013 0.03400459656389666 29.67949453401757 7917.419725155323
grass 29 2013 0.03210543793967716 33.46887357065361 10840.58054771652
grass 31 2013 0.03586390278906127 30.34856618344983 6169.950905378065
grass 38 2013 0.03886931847364274 30.34065689444579 4863.667406287566
grass 39 2013 0.03274445683685592 29.15944420723688 9520.785003247234
grass 46 2013 0.03583158472139272 30.22948202418139 6228.328984515432
grass 55 2013 0.03439733664557013 31.01722361150443 7586.564101186949
grass_ML 17 2013 0.03286458960952068 34.19859488275073 9233.606838976264
grass_ML 18 2013 0.03285287373860636 29.14539134750062 9591.329650063271
grass_ML 19 2013 0.03327380969012442 30.70407586568725 8397.538830121914
grass_ML 20 2013 0.0353030695323889 29.53451123325746 7702.127098970998
grass_ML 26 2013 0.03576474038798948 31.02471114752943 6600.25692513041
grass_ML 27 2013 0.03400459656389666 29.67949453401757 7917.419725155323
grass_ML 29 2013 0.03210543793967716 33.46887357065361 10840.58054771652
grass_ML 31 2013 0.03586390278906127 30.34856618344983 6169.950905378065
grass_ML 38 2013 0.03886931847364274 30.34065689444579 4863.667406287566
grass_ML 39 2013 0.03274445683685592 29.15944420723688 9520.785003247234
grass_ML 46 2013 0.03583158472139272 30.22948202418139 6228.328984515432
grass_ML 55 2013 0.03439733664557013 31.01722361150443 7586.564101186949
algae 17 2013 0.09977627765216611 75.72832492551402 44898.79632806319
algae 18 2013 0.1012240245503263 69.74482034598878 44054.82625654544
algae 19 2013 0.10740501175894 73.02217461704804 41037.94823135183
algae 20 2013 0.09085019653804655 67.56481065043529 50471.4763554917
algae 26 2013 0.1261332108231353 77.3402372620965 34259.443965274
algae 27 2013 0.1340129907069784 77.29279541204579 31802.4568511337
algae 29 2013 0.09416973682466918 73.53973383326516 48158.52942339793
algae 31 2013 0.1003183915547159 70.50583752809494 44399.50588756867
algae 38 2013 0.1281552353779892 75.9111933514782 33161.73028408147
algae 39 2013 0.1076463508427942 71.1480573114547 40879.26410041944
algae 46 2013 0.1134608327763643 73.23235830379275 38465.63586270028
algae 55 2013 0.1213587322211336 76.49978382884548 35638.27618174926
algae_ML 17 2013 0.09977627765216611 75.72832492551402 44898.79632806319
algae_ML 18 2013 0.1012240245503263 69.74482034598878 44054.82625654544
algae_ML 19 2013 0.10740501175894 73.02217461704804 41037.94823135183
algae_ML 20 2013 0.09085019653804655 67.56481065043529 50471.4763554917
algae_ML 26 2013 0.1261332108231353 77.3402372620965 34259.443965274
algae_ML 27 2013 0.1340129907069784 77.29279541204579 31802.4568511337
algae_ML 29 2013 0.09416973682466918 73.53973383326516 48158.52942339793
algae_ML 31 2013 0.1003183915547159 70.50583752809494 44399.50588756867
algae_ML 38 2013 0.1281552353779892 75.9111933514782 33161.73028408147
algae_ML 39 2013 0.1076463508427942 71.1480573114547 40879.26410041944
algae_ML 46 2013 0.1134608327763643 73.23235830379275 38465.63586270028
algae_ML 55 2013 0.1213587322211336 76.49978382884548 35638.27618174926
;

param: AG_limit Grass_ML_limit Algae_ML_limit :=
17 2236394.331695274 38041.41427 24956.92782532482
18 1130314.358436668 42029.56254 25092.93288159361
19 2497434.923534354 116184.3194 58410.17151873582
20 1061643.768988276 5309121.378 2398025.151536627
26 457665.711310972 215664.0178 134885.0146289393
27 1605777.129292398 147921.4993 79058.93917931072
29 808551.7176654399 31089.1558 7156.266048967154
31 1742653.015199764 5547718.248 2250959.684074203
38 854756.7052937001 2456067.309 1092256.606894733
39 758585.761675938 29089.08145 20720.77033742307
46 1092731.295069328 5363091.384 2227874.825846931
55 584784.0034449899 87799.26412 61866.30000744885
;

